0.0050923824310302734;-1897;0
0.011186838150024414;-1897;0
0.016258716583251953;-1897;0
0.022455692291259766;-1898;-3
0.027662277221679688;-1898;-3
0.03437232971191406;-1898;-8
0.04407811164855957;-1900;-79
0.048979997634887695;-1900;-79
0.05502176284790039;-1901;-98
0.06123495101928711;-1902;-103
0.06632351875305176;-1903;-145
0.07247328758239746;-1904;-159
0.07768511772155762;-1906;-183
0.08437728881835938;-1907;-185
0.09023451805114746;-1908;-198
0.09575819969177246;-1909;-215
0.10166382789611816;-1911;-226
0.10666275024414062;-1912;-232
0.11287927627563477;-1914;-240
0.11807036399841309;-1916;-251
0.12399744987487793;-1917;-257
0.12889456748962402;-1918;-261
0.1359117031097412;-1920;-266
0.14204096794128418;-1922;-270
0.14718174934387207;-1923;-279
0.15306639671325684;-1925;-282
0.1582939624786377;-1926;-285
0.16420769691467285;-1928;-286
0.16964054107666016;-1930;-290
0.1750040054321289;-1931;-292
0.18121767044067383;-1934;-299
0.18732714653015137;-1935;-299
0.19321060180664062;-1937;-299
0.19836664199829102;-1938;-299
0.2045285701751709;-1940;-300
0.21039676666259766;-1942;-300
0.21575641632080078;-1943;-301
0.2217397689819336;-1945;-305
0.22667312622070312;-1947;-304
0.23389601707458496;-1949;-308
0.2388157844543457;-1951;-311
0.2446751594543457;-1953;-312
0.25051379203796387;-1955;-313
0.2558431625366211;-1956;-316
0.2619450092315674;-1958;-319
0.2669832706451416;-1960;-318
0.27292346954345703;-1962;-318
0.2780883312225342;-1964;-316
0.28470301628112793;-1966;-316
0.29056692123413086;-1968;-317
0.2960512638092041;-1969;-315
0.3019907474517822;-1971;-316
0.3071012496948242;-1972;-315
0.3129689693450928;-1974;-318
0.3181345462799072;-1976;-318
0.3242335319519043;-1978;-318
0.32969117164611816;-1980;-319
0.33607006072998047;-1982;-320
0.3420546054840088;-1984;-318
0.34719324111938477;-1985;-320
0.3531055450439453;-1987;-320
0.35825252532958984;-1989;-318
0.3643069267272949;-1991;-318
0.37012481689453125;-1993;-319
0.37508678436279297;-1994;-319
0.3812844753265381;-1996;-320
0.387650728225708;-1998;-321
0.39330291748046875;-2000;-322
0.398496150970459;-2002;-325
0.40439295768737793;-2004;-326
0.41027116775512695;-2006;-325
0.415189266204834;-2007;-324
0.42125439643859863;-2009;-323
0.4263753890991211;-2011;-321
0.43244099617004395;-2013;-323
0.4384448528289795;-2016;-318
0.4484894275665283;-2018;-319
0.4545400142669678;-2020;-319
0.46042490005493164;-2022;-319
0.46588802337646484;-2024;-318
0.4730098247528076;-2026;-320
0.478137731552124;-2028;-322
0.4840424060821533;-2030;-323
0.4905416965484619;-2032;-322
0.49585533142089844;-2034;-322
0.5019416809082031;-2036;-323
0.5069832801818848;-2037;-322
0.5128929615020752;-2038;-323
0.5180628299713135;-2040;-321
0.5240182876586914;-2042;-321
0.5289301872253418;-2044;-322
0.5350184440612793;-2046;-324
0.5421326160430908;-2048;-323
0.5472655296325684;-2050;-326
0.5531466007232666;-2052;-325
0.5582952499389648;-2054;-324
0.5643470287322998;-2056;-324
0.5701842308044434;-2058;-324
0.5751430988311768;-2059;-320
0.5812389850616455;-2060;-319
0.5863370895385742;-2062;-319
0.5931453704833984;-2064;-320
0.5982875823974609;-2066;-317
0.6041834354400635;-2068;-318
0.6091067790985107;-2070;-320
0.6149938106536865;-2072;-321
0.6211926937103271;-2074;-323
0.6263461112976074;-2075;-323
0.6325170993804932;-2077;-324
0.6384353637695312;-2079;-325
0.6443660259246826;-2081;-327
0.6502282619476318;-2083;-324
0.6551821231842041;-2084;-323
0.6612796783447266;-2086;-323
0.6664204597473145;-2088;-323
0.6724405288696289;-2090;-320
0.6776676177978516;-2092;-323
0.6837177276611328;-2094;-322
0.690300464630127;-2096;-324
0.6956686973571777;-2098;-323
0.701371431350708;-2099;-324
0.7064723968505859;-2101;-324
0.7124569416046143;-2103;-325
0.7176826000213623;-2104;-322
0.7233519554138184;-2106;-320
0.7285125255584717;-2108;-322
0.7350709438323975;-2110;-320
0.7424647808074951;-2113;-321
0.7476863861083984;-2114;-321
0.7533574104309082;-2116;-320
0.7584981918334961;-2118;-323
0.7650163173675537;-2120;-322
0.7710449695587158;-2122;-322
0.7761948108673096;-2124;-327
0.7821187973022461;-2126;-324
0.7872314453125;-2127;-327
0.7941019535064697;-2130;-326
0.7990148067474365;-2132;-323
0.8050894737243652;-2133;-326
0.8111677169799805;-2135;-323
0.8162658214569092;-2137;-323
0.8222835063934326;-2139;-323
0.827603816986084;-2140;-323
0.8332598209381104;-2142;-322
0.8383932113647461;-2145;-319
0.848578691482544;-2147;-323
0.8546063899993896;-2149;-323
0.8604815006256104;-2151;-322
0.8660902976989746;-2153;-322
0.8722074031829834;-2155;-324
0.8773252964019775;-2156;-319
0.8832135200500488;-2158;-319
0.8884098529815674;-2160;-320
0.8951051235198975;-2162;-320
0.9011578559875488;-2164;-322
0.9062600135803223;-2166;-323
0.9121811389923096;-2168;-323
0.9173333644866943;-2169;-325
0.923346757888794;-2171;-326
0.928473711013794;-2173;-325
0.9343774318695068;-2175;-326
0.9402053356170654;-2177;-327
0.9463825225830078;-2179;-325
0.9524509906768799;-2181;-323
0.9576504230499268;-2182;-323
0.9632809162139893;-2184;-322
0.9683966636657715;-2186;-322
0.9743309020996094;-2188;-321
0.9801809787750244;-2190;-320
0.9856805801391602;-2191;-320
0.9917707443237305;-2193;-323
0.9978940486907959;-2196;-324
1.003793478012085;-2197;-324
