0.005048036575317383;-1362;0
0.011128664016723633;-1362;0
0.016183853149414062;-1362;3
0.022293567657470703;-1362;3
0.027363300323486328;-1361;23
0.034253835678100586;-1360;14
0.03968405723571777;-1358;149
0.045015811920166016;-1357;66
0.05107617378234863;-1355;232
0.05619096755981445;-1353;267
0.062291860580444336;-1351;285
0.06759834289550781;-1349;342
0.07324743270874023;-1347;379
0.07839727401733398;-1344;389
0.08518624305725098;-1341;429
0.09125375747680664;-1338;448
0.09634137153625488;-1336;465
0.10229229927062988;-1332;483
0.10761547088623047;-1330;495
0.11328315734863281;-1327;521
0.11850118637084961;-1324;529
0.12438845634460449;-1320;539
0.13022756576538086;-1317;554
0.13628911972045898;-1314;563
0.14247965812683105;-1310;575
0.14769363403320312;-1308;583
0.15337896347045898;-1304;595
0.15852761268615723;-1300;604
0.16444015502929688;-1296;612
0.17028331756591797;-1292;624
0.1752181053161621;-1290;624
0.1812727451324463;-1286;630
0.18761539459228516;-1282;632
0.19368267059326172;-1278;638
0.19860363006591797;-1274;644
0.2046668529510498;-1270;649
0.21053171157836914;-1267;651
0.21585631370544434;-1263;657
0.22181272506713867;-1260;660
0.2267606258392334;-1256;668
0.23276925086975098;-1252;669
0.2387375831604004;-1248;678
0.24460864067077637;-1244;673
0.2504894733428955;-1240;675
0.2557835578918457;-1237;675
0.26189374923706055;-1233;678
0.2669188976287842;-1229;680
0.2728602886199951;-1224;682
0.27802062034606934;-1220;687
0.2839329242706299;-1218;685
0.29049253463745117;-1212;689
0.296154260635376;-1208;691
0.3020956516265869;-1204;697
0.3072319030761719;-1201;693
0.31308794021606445;-1197;696
0.31822705268859863;-1193;690
0.3242809772491455;-1189;691
0.33007097244262695;-1184;691
0.3350353240966797;-1180;696
0.34221458435058594;-1176;697
0.3473477363586426;-1173;699
0.3566708564758301;-1166;699
0.3628878593444824;-1162;700
0.36804842948913574;-1158;700
0.3741145133972168;-1154;704
0.3790102005004883;-1150;699
0.38513612747192383;-1145;696
0.3922245502471924;-1141;696
0.3973255157470703;-1138;699
0.4031853675842285;-1134;702
0.40833616256713867;-1130;703
0.4142191410064697;-1126;708
0.4190986156463623;-1121;706
0.42505359649658203;-1118;706
0.43106865882873535;-1114;706
0.43617773056030273;-1110;706
0.4432222843170166;-1106;704
0.4483602046966553;-1102;704
0.45444393157958984;-1098;698
0.4602937698364258;-1093;701
0.4652125835418701;-1090;701
0.4712691307067871;-1086;706
0.4763829708099365;-1082;710
0.4824638366699219;-1078;711
0.48766207695007324;-1073;710
0.4943387508392334;-1069;707
0.5001523494720459;-1065;703
0.5052597522735596;-1062;705
0.5113823413848877;-1058;705
0.5164978504180908;-1054;704
0.5225024223327637;-1049;702
0.5277884006500244;-1046;702
0.5336525440216064;-1042;706
0.5386025905609131;-1036;707
0.5451745986938477;-1034;711
0.5512099266052246;-1030;711
0.5563147068023682;-1025;708
0.5624754428863525;-1021;706
0.5677258968353271;-1018;702
0.573352575302124;-1014;704
0.5784838199615479;-1010;703
0.5845351219177246;-1006;704
0.5913066864013672;-1001;706
0.5964784622192383;-997;704
0.6024906635284424;-993;708
0.6077170372009277;-990;710
0.6183125972747803;-977;712
0.6376781463623047;-969;702
0.6502549648284912;-959;707
0.6677358150482178;-948;705
0.6847310066223145;-934;709
0.6988334655761719;-924;698
0.7162387371063232;-910;711
0.7321109771728516;-898;707
0.7502889633178711;-881;708
0.768042802810669;-861;704
0.806281328201294;-847;704
0.8267092704772949;-830;702
0.8432083129882812;-822;705
0.8496761322021484;-818;709
0.8550209999084473;-815;710
0.8612015247344971;-810;709
0.8662991523742676;-806;708
0.8721954822540283;-802;703
0.8772890567779541;-799;704
0.8831796646118164;-795;707
0.8883395195007324;-791;702
0.894277811050415;-786;703
0.9010655879974365;-782;706
0.9061849117279053;-778;709
0.9121198654174805;-774;708
0.9171886444091797;-771;711
0.9232196807861328;-766;711
0.9283769130706787;-762;709
0.9342830181121826;-758;706
0.9401154518127441;-754;704
0.9450898170471191;-750;705
0.9521310329437256;-746;705
0.9572248458862305;-742;709
0.9631283283233643;-738;709
0.9683189392089844;-734;707
0.9743568897247314;-730;709
0.9801757335662842;-726;710
0.9853787422180176;-723;711
0.9913597106933594;-718;707
0.9977009296417236;-714;705
1.0033562183380127;-710;704
