0.005147218704223633;-720;0
0.011231422424316406;-720;0
0.01608562469482422;-720;0
0.021941423416137695;-720;0
0.02773904800415039;-721;-6
0.03394722938537598;-722;-40
0.03996157646179199;-723;-19
0.04511213302612305;-725;-177
0.051004648208618164;-726;-88
0.05593538284301758;-728;-242
0.06204819679260254;-730;-295
0.06807398796081543;-732;-309
0.07322955131530762;-734;-344
0.07919907569885254;-737;-370
0.09080934524536133;-742;-418
0.09572482109069824;-744;-433
0.1017765998840332;-747;-452
0.10765528678894043;-750;-477
0.11311531066894531;-754;-493
0.11921000480651855;-757;-512
0.12432146072387695;-759;-527
0.13021326065063477;-762;-540
0.13618707656860352;-767;-547
0.14225125312805176;-769;-559
0.14828109741210938;-772;-565
0.15338730812072754;-776;-571
0.15936279296875;-780;-582
0.16452288627624512;-782;-591
0.17041635513305664;-786;-599
0.17556428909301758;-790;-599
0.1816272735595703;-793;-605
0.18834137916564941;-797;-613
0.19347810745239258;-800;-620
0.19940519332885742;-804;-625
0.20453619956970215;-807;-631
0.21040630340576172;-811;-634
0.21559834480285645;-814;-633
0.22153544425964355;-818;-635
0.2273693084716797;-822;-635
0.23233890533447266;-825;-639
0.23944568634033203;-830;-643
0.24453449249267578;-832;-648
0.2504394054412842;-836;-649
0.2555844783782959;-840;-652
0.261488676071167;-844;-652
0.26731181144714355;-848;-653
0.2724580764770508;-851;-659
0.2785763740539551;-855;-660
0.28365612030029297;-859;-662
0.29053521156311035;-863;-656
0.29569363594055176;-867;-657
0.3017418384552002;-871;-656
0.30762410163879395;-875;-662
0.3129544258117676;-878;-667
0.3188459873199463;-882;-671
0.32373499870300293;-886;-669
0.32985973358154297;-890;-671
0.33502721786499023;-894;-667
0.34172487258911133;-898;-668
0.34763193130493164;-902;-668
0.3532440662384033;-906;-670
0.35933971405029297;-910;-666
0.36449193954467773;-912;-664
0.3703627586364746;-916;-663
0.37549543380737305;-920;-668
0.38140225410461426;-924;-673
0.38685178756713867;-928;-678
0.39325761795043945;-932;-673
0.3993539810180664;-936;-676
0.40448641777038574;-939;-670
0.4103431701660156;-943;-667
0.4154999256134033;-947;-671
0.42157840728759766;-951;-671
0.4274270534515381;-955;-671
0.4324493408203125;-958;-672
0.43948960304260254;-964;-668
0.44480156898498535;-966;-671
0.4505116939544678;-970;-673
0.45570969581604004;-974;-678
0.4615907669067383;-978;-679
0.46737122535705566;-982;-675
0.4723477363586426;-985;-671
0.4785442352294922;-989;-669
0.483684778213501;-997;-672
0.4949054718017578;-1000;-673
0.5009326934814453;-1004;-674
0.5058884620666504;-1008;-673
0.5118963718414307;-1012;-672
0.5177319049835205;-1016;-673
0.5232644081115723;-1020;-676
0.5293600559234619;-1024;-678
0.5345168113708496;-1027;-678
0.541567325592041;-1032;-673
0.5474164485931396;-1036;-667
0.5523662567138672;-1039;-667
0.558445930480957;-1043;-670
0.5635628700256348;-1047;-674
0.5696306228637695;-1051;-676
0.5748372077941895;-1054;-676
0.5805037021636963;-1058;-675
0.5856246948242188;-1062;-678
0.5922775268554688;-1066;-675
0.5985317230224609;-1070;-679
0.6036379337310791;-1074;-675
0.6096532344818115;-1078;-673
0.614851713180542;-1081;-669
0.620485782623291;-1085;-670
0.6256721019744873;-1089;-671
0.631549596786499;-1093;-676
0.6373543739318848;-1097;-676
0.643394947052002;-1101;-679
0.6493258476257324;-1105;-675
0.6545157432556152;-1108;-678
0.6605682373046875;-1112;-671
0.6657021045684814;-1116;-674
0.6715710163116455;-1120;-672
0.6773958206176758;-1124;-676
0.6823561191558838;-1126;-670
0.6884493827819824;-1130;-670
0.6948103904724121;-1135;-671
0.7004616260528564;-1139;-675
0.7056119441986084;-1143;-678
0.7115375995635986;-1147;-682
0.7173278331756592;-1151;-677
0.7224540710449219;-1154;-675
0.7285208702087402;-1158;-672
0.733614444732666;-1162;-672
0.7397091388702393;-1166;-669
0.7457213401794434;-1170;-674
0.751598596572876;-1174;-673
0.7574069499969482;-1178;-671
0.7623653411865234;-1180;-672
0.7684569358825684;-1184;-674
0.7735674381256104;-1189;-678
0.7798573970794678;-1193;-679
0.7849962711334229;-1196;-679
0.7917022705078125;-1201;-673
0.7984991073608398;-1205;-669
0.8036162853240967;-1209;-668
0.8096640110015869;-1213;-669
0.8148777484893799;-1216;-674
0.8205225467681885;-1220;-674
0.8256750106811523;-1224;-673
0.8315713405609131;-1228;-671
0.837385892868042;-1232;-673
0.8428661823272705;-1236;-677
0.8497109413146973;-1240;-677
0.8549604415893555;-1242;-680
0.86081862449646;-1246;-668
0.8657829761505127;-1253;-670
0.8757340908050537;-1257;-669
0.8817484378814697;-1262;-670
0.8915519714355469;-1268;-677
0.9034740924835205;-1278;-672
0.9159739017486572;-1287;-675
0.9275557994842529;-1294;-669
0.939136266708374;-1302;-667
0.9504847526550293;-1308;-674
0.9649205207824707;-1317;-675
0.9743692874908447;-1328;-673
0.9861581325531006;-1333;-675
0.9982621669769287;-1341;-670
1.0097012519836426;-1349;-668
