0.00619816780090332;-1400;0
0.011350870132446289;-1400;0
0.01718592643737793;-1400;0
0.022298097610473633;-1400;0
0.028924226760864258;-1401;-9
0.03478860855102539;-1402;-9
0.040102243423461914;-1403;-14
0.046066999435424805;-1404;-147
0.05110979080200195;-1405;-173
0.06053495407104492;-1408;-191
0.06705951690673828;-1409;-230
0.07224297523498535;-1411;-261
0.07904577255249023;-1413;-290
0.08522391319274902;-1415;-299
0.09041118621826172;-1417;-306
0.09636902809143066;-1419;-323
0.10151839256286621;-1420;-345
0.10745692253112793;-1423;-359
0.11268258094787598;-1425;-363
0.11860203742980957;-1428;-384
0.12447094917297363;-1430;-394
0.13085007667541504;-1432;-398
0.1370704174041748;-1435;-408
0.1422104835510254;-1438;-417
0.14818143844604492;-1440;-423
0.15313506126403809;-1443;-431
0.15907740592956543;-1444;-435
0.16511178016662598;-1447;-442
0.17024779319763184;-1450;-447
0.1762557029724121;-1453;-453
0.18230700492858887;-1456;-459
0.18840265274047852;-1458;-462
0.1938619613647461;-1461;-461
0.19923901557922363;-1463;-463
0.20531845092773438;-1466;-465
0.21045374870300293;-1469;-464
0.21643853187561035;-1472;-469
0.2217717170715332;-1474;-476
0.22838187217712402;-1477;-478
0.23430156707763672;-1480;-485
0.23929166793823242;-1482;-484
0.24553394317626953;-1485;-485
0.25064516067504883;-1488;-487
0.25668907165527344;-1491;-488
0.2619292736053467;-1493;-482
0.26806116104125977;-1496;-490
0.2729983329772949;-1499;-490
0.280071496963501;-1503;-492
0.28629326820373535;-1506;-494
0.29149341583251953;-1508;-489
0.2973771095275879;-1510;-488
0.30252552032470703;-1514;-488
0.30869579315185547;-1516;-488
0.31458258628845215;-1520;-492
0.3199629783630371;-1522;-494
0.325955867767334;-1524;-497
0.33210134506225586;-1528;-499
0.33805155754089355;-1530;-499
0.3429996967315674;-1534;-502
0.3489711284637451;-1536;-499
0.35503053665161133;-1540;-497
0.3602292537689209;-1542;-496
0.3663468360900879;-1546;-497
0.371504545211792;-1548;-499
0.377408504486084;-1550;-499
0.38433146476745605;-1554;-499
0.38933491706848145;-1556;-496
0.3958396911621094;-1559;-492
0.40073156356811523;-1562;-495
0.4068927764892578;-1565;-496
0.4120337963104248;-1568;-497
0.41796445846557617;-1570;-503
0.42290735244750977;-1574;-504
0.4290459156036377;-1578;-506
0.43620944023132324;-1580;-505
0.44136667251586914;-1582;-500
0.44724583625793457;-1586;-500
0.45244550704956055;-1588;-497
0.46230125427246094;-1594;-499
0.46840429306030273;-1596;-501
0.47385382652282715;-1600;-500
0.47936296463012695;-1602;-502
0.4868605136871338;-1606;-497
0.4920766353607178;-1608;-498
0.49796390533447266;-1610;-498
0.5028791427612305;-1614;-499
0.5088112354278564;-1616;-503
0.5146613121032715;-1620;-501
0.5200250148773193;-1622;-505
0.5261976718902588;-1626;-507
0.5313315391540527;-1629;-505
0.5382437705993652;-1632;-504
0.5431828498840332;-1634;-499
0.549257755279541;-1636;-498
0.5553073883056641;-1640;-499
0.5604104995727539;-1642;-497
0.5663275718688965;-1646;-503
0.5715007781982422;-1648;-504
0.5774352550506592;-1650;-499
0.5838122367858887;-1655;-504
0.5892179012298584;-1656;-496
0.5952675342559814;-1660;-499
0.6003983020782471;-1663;-501
0.6066303253173828;-1666;-504
0.6118783950805664;-1668;-504
0.6175413131713867;-1671;-503
0.6227025985717773;-1674;-504
0.6286113262176514;-1677;-503
0.635446310043335;-1680;-496
0.6405768394470215;-1683;-495
0.6466495990753174;-1686;-495
0.6518759727478027;-1688;-497
0.6579594612121582;-1691;-501
0.6629135608673096;-1694;-501
0.6690225601196289;-1697;-503
0.6750826835632324;-1700;-504
0.6802306175231934;-1703;-501
0.6870970726013184;-1706;-504
0.6923232078552246;-1709;-499
0.6982624530792236;-1712;-499
0.7032039165496826;-1715;-506
0.7091360092163086;-1717;-501
0.7152011394500732;-1720;-505
0.720360517501831;-1723;-504
0.726464033126831;-1726;-496
0.7317736148834229;-1728;-499
0.738440990447998;-1732;-494
0.7443311214447021;-1735;-497
0.7493343353271484;-1737;-503
0.7554538249969482;-1741;-501
0.7617712020874023;-1743;-507
0.7674462795257568;-1746;-507
0.7726657390594482;-1749;-504
0.7785968780517578;-1752;-503
0.7844617366790771;-1755;-499
0.7908494472503662;-1758;-502
0.7968649864196777;-1761;-503
0.8020601272583008;-1764;-501
0.8079624176025391;-1766;-505
0.812877893447876;-1769;-499
0.8187873363494873;-1772;-499
0.8246567249298096;-1775;-500
0.8299949169158936;-1778;-497
0.8359994888305664;-1781;-499
0.8421504497528076;-1784;-499
0.8483309745788574;-1787;-502
0.8532748222351074;-1790;-508
0.8630921840667725;-1795;-508
0.8691565990447998;-1797;-503
0.8754324913024902;-1800;-501
0.8805766105651855;-1803;-501
0.8868799209594727;-1806;-499
0.8927583694458008;-1809;-498
0.898695707321167;-1812;-502
0.904587984085083;-1815;-500
0.910083532333374;-1818;-503
0.9162025451660156;-1821;-498
0.9213836193084717;-1823;-501
0.9272847175598145;-1826;-501
0.9324543476104736;-1830;-503
0.9391257762908936;-1832;-505
0.9452841281890869;-1836;-506
0.9504492282867432;-1838;-505
0.9564290046691895;-1842;-508
0.9615449905395508;-1844;-504
0.9678175449371338;-1846;-502
0.9727563858032227;-1850;-503
0.9786880016326904;-1852;-496
0.9845919609069824;-1856;-499
0.9907410144805908;-1858;-501
0.9968736171722412;-1862;-501
1.002068281173706;-1865;-505
