0.009574413299560547;-2357;0
0.015606164932250977;-2357;0
0.020734548568725586;-2357;0
0.026871442794799805;-2357;0
0.032692909240722656;-2357;0
0.03825712203979492;-2357;3
0.045111894607543945;-2356;8
0.050269126892089844;-2356;19
0.05614447593688965;-2356;19
0.061057090759277344;-2355;49
0.06695151329040527;-2355;49
0.0727534294128418;-2354;71
0.07809901237487793;-2354;78
0.08402538299560547;-2354;78
0.08887028694152832;-2353;92
0.0961751937866211;-2352;98
0.10105776786804199;-2352;98
0.10698199272155762;-2351;96
0.11280417442321777;-2350;102
0.11811566352844238;-2350;104
0.12402892112731934;-2349;113
0.1288912296295166;-2348;116
0.13503599166870117;-2347;117
0.14020514488220215;-2346;123
0.14668512344360352;-2346;125
0.15251493453979492;-2345;126
0.15805506706237793;-2344;128
0.1639726161956787;-2344;128
0.16882681846618652;-2343;130
0.1748213768005371;-2342;132
0.1800065040588379;-2342;133
0.18561053276062012;-2340;138
0.19074606895446777;-2340;139
0.1974337100982666;-2339;141
0.20346426963806152;-2338;141
0.20855188369750977;-2337;141
0.2146472930908203;-2336;141
0.2199249267578125;-2336;142
0.2256159782409668;-2335;144
0.23073458671569824;-2334;144
0.23665499687194824;-2333;144
0.24244260787963867;-2332;147
0.2485661506652832;-2331;148
0.25453972816467285;-2330;147
0.2596473693847656;-2330;147
0.26549220085144043;-2329;146
0.2706315517425537;-2328;145
0.2767181396484375;-2327;144
0.2826204299926758;-2326;146
0.28808069229125977;-2326;146
0.29394102096557617;-2324;148
0.30008435249328613;-2324;148
0.3059413433074951;-2323;146
0.31090617179870605;-2322;146
0.3167853355407715;-2322;146
0.32262206077575684;-2320;145
0.32756829261779785;-2320;145
0.3340291976928711;-2319;148
0.3389880657196045;-2318;148
0.3450276851654053;-2317;150
0.3509244918823242;-2316;150
0.35681962966918945;-2316;150
0.3626875877380371;-2314;149
0.36803483963012695;-2314;149
0.3739340305328369;-2313;149
0.3788323402404785;-2312;149
0.38481974601745605;-2311;150
0.3900301456451416;-2310;151
0.39670729637145996;-2309;151
0.4026036262512207;-2308;151
0.41140103340148926;-2307;151
0.4175875186920166;-2306;149
0.42404913902282715;-2306;149
0.42903590202331543;-2304;150
0.4352848529815674;-2304;150
0.4404306411743164;-2303;150
0.4470388889312744;-2302;152
0.452984094619751;-2301;151
0.45841050148010254;-2300;150
0.46448802947998047;-2299;150
0.4695887565612793;-2298;148
0.4754657745361328;-2298;148
0.48063015937805176;-2297;150
0.4865751266479492;-2296;151
0.49200868606567383;-2295;152
0.4985194206237793;-2294;153
0.504608154296875;-2293;152
0.5099332332611084;-2292;151
0.5159783363342285;-2292;151
0.5209300518035889;-2291;149
0.526818037033081;-2290;150
0.532646894454956;-2289;151
0.5377063751220703;-2288;152
0.5436928272247314;-2287;153
0.5499861240386963;-2286;153
0.5560543537139893;-2286;152
0.5609829425811768;-2284;152
0.5668761730194092;-2284;152
0.5727407932281494;-2283;149
0.5782032012939453;-2282;150
0.5841264724731445;-2281;150
0.589066743850708;-2280;149
0.5951242446899414;-2280;149
0.6010630130767822;-2278;150
0.6069338321685791;-2278;150
0.6127660274505615;-2277;148
0.6181974411010742;-2276;147
0.624199390411377;-2275;147
0.6292376518249512;-2274;148
0.6353261470794678;-2274;148
0.6404778957366943;-2272;150
0.6463892459869385;-2272;151
0.6529695987701416;-2271;150
0.6583006381988525;-2270;149
0.6642484664916992;-2269;149
0.6692931652069092;-2268;148
0.6752111911773682;-2268;148
0.6803939342498779;-2266;150
0.6871960163116455;-2266;151
0.6933717727661133;-2265;154
0.6985042095184326;-2264;153
0.7053558826446533;-2263;152
0.7105424404144287;-2262;151
0.7164452075958252;-2261;151
0.7213871479034424;-2260;151
0.7272641658782959;-2260;150
0.7333052158355713;-2259;152
0.7384660243988037;-2258;153
0.7443838119506836;-2257;154
0.7494938373565674;-2256;152
0.75655198097229;-2255;151
0.7619731426239014;-2254;150
0.7713842391967773;-2252;148
0.7773618698120117;-2252;150
0.7834601402282715;-2251;151
0.7896909713745117;-2250;152
0.7955825328826904;-2249;152
0.8007264137268066;-2248;151
0.818800687789917;-2245;149
0.8312349319458008;-2244;150
0.8432097434997559;-2242;153
0.8562579154968262;-2240;152
0.8654820919036865;-2238;150
0.877601146697998;-2236;150
0.8900258541107178;-2235;150
0.8995304107666016;-2233;150
0.9136736392974854;-2231;148
0.92513108253479;-2230;148
0.9381458759307861;-2227;149
0.9496040344238281;-2226;149
0.9645135402679443;-2224;148
0.9767165184020996;-2222;150
0.9883182048797607;-2220;151
0.9992291927337646;-2218;151
1.014214277267456;-2216;150
