0.012878894805908203;-1876;0
0.01904153823852539;-1876;0
0.02414250373840332;-1876;0
0.029969215393066406;-1876;0
0.03491973876953125;-1875;3
0.040857553482055664;-1874;22
0.04792928695678711;-1873;14
0.052819013595581055;-1872;44
0.059190988540649414;-1871;166
0.06435632705688477;-1869;199
0.07046079635620117;-1868;217
0.07541155815124512;-1866;256
0.08127474784851074;-1864;281
0.08730316162109375;-1862;290
0.09243559837341309;-1860;305
0.09935617446899414;-1858;336
0.10452389717102051;-1856;346
0.11043906211853027;-1854;363
0.1153874397277832;-1851;378
0.12147665023803711;-1850;388
0.1275641918182373;-1847;399
0.13265132904052734;-1845;400
0.13858866691589355;-1842;408
0.14392566680908203;-1840;415
0.15064620971679688;-1837;427
0.15649747848510742;-1834;433
0.16150689125061035;-1832;444
0.16759395599365234;-1830;454
0.1727280616760254;-1827;458
0.1790177822113037;-1824;466
0.18421411514282227;-1821;469
0.19009900093078613;-1819;467
0.19502472877502441;-1815;474
0.20210528373718262;-1814;477
0.20811200141906738;-1810;479
0.2130594253540039;-1808;485
0.2190840244293213;-1804;489
0.22425341606140137;-1802;491
0.23015189170837402;-1800;494
0.23511862754821777;-1796;491
0.24118733406066895;-1794;493
0.24725699424743652;-1790;495
0.25331759452819824;-1788;499
0.25925326347351074;-1785;501
0.26445937156677246;-1782;505
0.2703995704650879;-1778;505
0.27532529830932617;-1776;512
0.2812952995300293;-1774;510
0.28737783432006836;-1770;511
0.2925281524658203;-1767;509
0.29950428009033203;-1764;505
0.30470967292785645;-1761;510
0.31061530113220215;-1758;509
0.3164398670196533;-1755;514
0.32143545150756836;-1753;513
0.32796216011047363;-1750;510
0.3328535556793213;-1747;512
0.3389890193939209;-1744;513
0.3441596031188965;-1740;513
0.35083484649658203;-1738;521
0.3567230701446533;-1734;519
0.3666963577270508;-1729;522
0.37218260765075684;-1726;518
0.3783280849456787;-1723;520
0.38345861434936523;-1721;514
0.3894658088684082;-1718;516
0.3946213722229004;-1715;514
0.4012887477874756;-1712;517
0.4073762893676758;-1708;523
0.4125087261199951;-1705;521
0.4185967445373535;-1702;522
0.4239177703857422;-1700;521
0.429593563079834;-1697;518
0.4348630905151367;-1694;522
0.44074583053588867;-1691;521
0.4466071128845215;-1688;524
0.4527468681335449;-1684;529
0.45905566215515137;-1681;525
0.46425867080688477;-1678;525
0.4701709747314453;-1676;520
0.475078821182251;-1673;519
0.4811556339263916;-1670;515
0.48723483085632324;-1667;518
0.49240565299987793;-1664;522
0.49837613105773926;-1660;521
0.5045349597930908;-1657;527
0.5104644298553467;-1654;524
0.5154197216033936;-1651;521
0.5213475227355957;-1649;525
0.5274622440338135;-1646;521
0.5325677394866943;-1642;523
0.5387787818908691;-1640;526
0.544003963470459;-1637;522
0.5496716499328613;-1634;527
0.5565135478973389;-1630;520
0.5614659786224365;-1628;520
0.5675797462463379;-1625;517
0.5726861953735352;-1622;516
0.5787777900695801;-1618;519
0.5840225219726562;-1616;523
0.5901157855987549;-1613;525
0.5950255393981934;-1610;530
0.6011044979095459;-1606;524
0.6082894802093506;-1603;527
0.6133208274841309;-1601;522
0.6192641258239746;-1598;520
0.6244421005249023;-1594;525
0.6311311721801758;-1591;523
0.6372292041778564;-1588;524
0.6423673629760742;-1585;522
0.648310661315918;-1582;521
0.6543924808502197;-1579;521
0.6605038642883301;-1576;518
0.6659829616546631;-1572;520
0.6713557243347168;-1570;520
0.677412748336792;-1567;525
0.6825425624847412;-1564;527
0.6888384819030762;-1561;525
0.6946427822113037;-1558;528
0.7005529403686523;-1555;524
0.7072873115539551;-1552;524
0.7123851776123047;-1548;524
0.7186460494995117;-1545;521
0.7239983081817627;-1543;523
0.7296350002288818;-1540;520
0.7347817420959473;-1537;519
0.7406971454620361;-1534;523
0.7465929985046387;-1531;518
0.7515673637390137;-1528;521
0.758796215057373;-1524;518
0.7685542106628418;-1519;525
0.773695707321167;-1517;524
0.780081033706665;-1514;530
0.7850008010864258;-1511;523
0.7910351753234863;-1508;521
0.7968671321868896;-1504;522
0.8022406101226807;-1502;517
0.8091070652008057;-1498;521
0.8142743110656738;-1495;520
0.8202164173126221;-1493;521
0.8251404762268066;-1490;524
0.8310599327087402;-1487;520
0.8369271755218506;-1484;522
0.8424091339111328;-1480;520
0.8485360145568848;-1477;520
0.8536801338195801;-1475;524
0.8604953289031982;-1471;523
0.8654239177703857;-1468;529
0.8713304996490479;-1466;524
0.8774814605712891;-1463;525
0.8826098442077637;-1460;525
0.8885929584503174;-1456;517
0.893702507019043;-1454;517
0.8999693393707275;-1451;518
0.9049162864685059;-1447;517
0.911994457244873;-1445;524
0.917961835861206;-1442;525
0.922860860824585;-1439;523
0.9289751052856445;-1436;524
0.9341506958007812;-1432;523
0.9400374889373779;-1430;523
0.9449784755706787;-1427;521
0.9508848190307617;-1424;524
0.9567444324493408;-1421;527
0.9629778861999512;-1418;524
0.9690067768096924;-1415;527
0.9742207527160645;-1412;517
0.980309009552002;-1408;518
0.985245943069458;-1406;517
0.991187572479248;-1403;519
0.9972221851348877;-1400;521
1.0023736953735352;-1397;521
