0.008976936340332031;128;0
0.023303508758544922;128;0
0.029140472412109375;128;0
0.034932851791381836;127;-3
0.04049348831176758;126;-24
0.04643678665161133;125;-14
0.05145406723022461;124;-49
0.057486772537231445;122;-39
0.0626523494720459;120;-244
0.06855297088623047;118;-278
0.07515454292297363;115;-346
0.0804901123046875;114;-390
0.08642411231994629;110;-433
0.0912923812866211;107;-471
0.10165953636169434;102;-528
0.10779905319213867;98;-559
0.11297082901000977;94;-575
0.1190650463104248;90;-596
0.1260237693786621;86;-627
0.13115143775939941;82;-643
0.13746929168701172;78;-661
0.1426539421081543;74;-679
0.14853858947753906;71;-697
0.1534719467163086;67;-707
0.1595621109008789;62;-722
0.16561365127563477;58;-732
0.1708228588104248;53;-746
0.17776775360107422;49;-755
0.18293976783752441;44;-754
0.18887853622436523;40;-761
0.19439935684204102;35;-772
0.19977331161499023;32;-784
0.2058706283569336;27;-794
0.21097445487976074;22;-793
0.2170555591583252;17;-798
0.22239184379577637;12;-802
0.229095458984375;7;-808
0.23493123054504395;2;-813
0.23989224433898926;0;-811
0.2459561824798584;-5;-813
0.2511324882507324;-10;-819
0.257220983505249;-16;-822
0.26254725456237793;-20;-833
0.26862192153930664;-24;-837
0.27356934547424316;-30;-832
0.28069281578063965;-36;-838
0.28667545318603516;-40;-840
0.29184699058532715;-44;-835
0.29776501655578613;-49;-840
0.3029658794403076;-54;-835
0.30889201164245605;-59;-845
0.31383562088012695;-64;-850
0.31976985931396484;-68;-853
0.3267228603363037;-74;-852
0.33186841011047363;-78;-852
0.3379530906677246;-83;-849
0.3431379795074463;-88;-852
0.34910011291503906;-93;-849
0.35497570037841797;-98;-847
0.3599894046783447;-102;-855
0.36608219146728516;-107;-857
0.3712191581726074;-112;-858
0.3779592514038086;-117;-860
0.38315510749816895;-122;-855
0.3891003131866455;-128;-850
0.3950002193450928;-132;-856
0.40053367614746094;-136;-855
0.40651965141296387;-141;-855
0.4115121364593506;-146;-859
0.4175567626953125;-152;-858
0.4227585792541504;-157;-860
0.42944765090942383;-162;-867
0.43530821800231934;-167;-858
0.44069623947143555;-172;-853
0.446688175201416;-177;-854
0.45175719261169434;-181;-855
0.4578895568847656;-186;-858
0.463085412979126;-191;-861
0.46901917457580566;-196;-855
0.47490835189819336;-201;-858
0.4810526371002197;-206;-864
0.48700976371765137;-212;-859
0.49236392974853516;-215;-855
0.5025448799133301;-225;-849
0.5086426734924316;-229;-858
0.5135684013366699;-236;-860
0.5197558403015137;-239;-861
0.5261008739471436;-244;-862
0.5323512554168701;-249;-858
0.5380816459655762;-254;-856
0.5432689189910889;-261;-859
0.5500130653381348;-265;-857
0.5560917854309082;-270;-853
0.5612194538116455;-275;-855
0.5673761367797852;-280;-859
0.5725846290588379;-286;-862
0.5786921977996826;-290;-864
0.5853006839752197;-296;-859
0.5906462669372559;-301;-857
0.5966403484344482;-306;-858
0.6017169952392578;-310;-859
0.6076662540435791;-314;-858
0.6128556728363037;-320;-858
0.6188127994537354;-325;-859
0.6237688064575195;-330;-863
0.6308355331420898;-335;-868
0.6369757652282715;-340;-860
0.642341136932373;-344;-855
0.648043155670166;-349;-860
0.6532466411590576;-354;-858
0.6593227386474609;-360;-862
0.6652002334594727;-364;-863
0.6705124378204346;-368;-862
0.676466703414917;-373;-864
0.6824727058410645;-378;-869
0.6883559226989746;-384;-861
0.6933231353759766;-389;-861
0.6994214057922363;-394;-858
0.7052867412567139;-399;-860
0.7106678485870361;-404;-863
0.7166280746459961;-408;-867
0.7216978073120117;-413;-866
0.7276420593261719;-418;-867
0.7336366176605225;-424;-868
0.7396104335784912;-428;-862
0.7456974983215332;-434;-858
0.7508368492126465;-439;-860
0.7569973468780518;-444;-856
0.7621104717254639;-448;-865
0.7680609226226807;-453;-869
0.7732350826263428;-458;-868
0.779130220413208;-463;-867
0.786097526550293;-468;-866
0.7912287712097168;-474;-864
0.7974095344543457;-478;-863
0.8025951385498047;-484;-860
0.8091840744018555;-489;-859
0.8150589466094971;-494;-863
0.8205621242523193;-500;-870
0.8267195224761963;-504;-867
0.8318533897399902;-510;-865
0.8387722969055176;-515;-864
0.8437228202819824;-520;-862
0.8570044040679932;-530;-860
0.8621158599853516;-534;-861
0.8680047988891602;-539;-865
0.8731639385223389;-544;-867
0.8792610168457031;-550;-866
0.8864071369171143;-554;-864
0.8913071155548096;-560;-861
0.8975422382354736;-568;-856
0.90749192237854;-574;-864
0.912665843963623;-579;-862
0.9188487529754639;-584;-865
0.9237961769104004;-589;-869
0.9298553466796875;-593;-866
0.9372735023498535;-600;-865
0.942528247833252;-603;-862
0.9484484195709229;-608;-858
0.9534051418304443;-613;-858
0.9593427181243896;-618;-861
0.9651997089385986;-624;-862
0.9705460071563721;-627;-865
0.976513147354126;-632;-866
0.9814774990081787;-638;-862
0.9885473251342773;-643;-864
0.9934849739074707;-648;-861
0.9996013641357422;-653;-855
1.0056514739990234;-658;-856
