0.014497518539428711;-2357;0
0.028038501739501953;-2357;0
0.03282904624938965;-2357;0
0.039037227630615234;-2357;0
0.044090986251831055;-2357;0
0.050064802169799805;-2357;0
0.054913997650146484;-2357;0
0.060866594314575195;-2357;0
0.06668949127197266;-2357;0
0.07210040092468262;-2357;0
0.07880592346191406;-2357;0
0.08391785621643066;-2357;0
0.0894930362701416;-2357;0
0.09457755088806152;-2357;0
0.10040926933288574;-2357;0
0.10526442527770996;-2357;0
0.11111235618591309;-2357;0
0.11692166328430176;-2357;0
0.12220406532287598;-2357;0
0.12912702560424805;-2357;0
0.13423609733581543;-2357;0
0.14006257057189941;-2357;0
0.14491009712219238;-2357;0
0.1508471965789795;-2357;0
0.15664887428283691;-2357;0
0.16155385971069336;-2357;0
0.16762351989746094;-2357;0
0.1726396083831787;-2357;0
0.17943286895751953;-2357;0
0.1845228672027588;-2357;0
0.19059467315673828;-2357;0
0.19596147537231445;-2357;0
0.20127153396606445;-2357;0
0.20740818977355957;-2357;0
0.2124614715576172;-2357;0
0.21832680702209473;-2357;0
0.22328424453735352;-2357;0
0.23012828826904297;-2357;0
0.23498749732971191;-2357;0
0.2409651279449463;-2357;0
0.24673223495483398;-2357;0
0.25214290618896484;-2357;0
0.25799131393432617;-2357;0
0.26278114318847656;-2357;0
0.26875972747802734;-2357;0
0.2737009525299072;-2357;0
0.28058481216430664;-2357;0
0.28601717948913574;-2357;0
0.291301965713501;-2357;0
0.297283411026001;-2357;0
0.3023650646209717;-2357;0
0.3083786964416504;-2357;0
0.3134315013885498;-2357;0
0.31923794746398926;-2357;0
0.32434558868408203;-2357;0
0.33099961280822754;-2357;0
0.3368198871612549;-2357;0
0.34205174446105957;-2357;0
0.3479270935058594;-2357;0
0.35280895233154297;-2357;0
0.3587625026702881;-2357;0
0.36369752883911133;-2357;0
0.36963605880737305;-2357;0
0.3747098445892334;-2357;0
0.38130784034729004;-2357;0
0.38744378089904785;-2357;0
0.3924682140350342;-2357;0
0.39832186698913574;-2357;0
0.40328311920166016;-2357;0
0.4091641902923584;-2357;0
0.41424036026000977;-2357;0
0.4234733581542969;-2357;0
0.4294922351837158;-2357;0
0.43597412109375;-2357;0
0.4414095878601074;-2357;0
0.4475133419036865;-2357;0
0.4525153636932373;-2357;0
0.45853281021118164;-2357;0
0.46361517906188965;-2357;0
0.4694173336029053;-2357;0
0.4745059013366699;-2357;0
0.48035097122192383;-2357;0
0.48686957359313965;-2357;0
0.4923057556152344;-2357;0
0.49818992614746094;-2357;0
0.5030832290649414;-2357;0
0.509026050567627;-2357;0
0.5140719413757324;-2357;0
0.5196328163146973;-2357;0
0.5247514247894287;-2357;0
0.5306048393249512;-2357;0
0.5375409126281738;-2357;0
0.5425670146942139;-2357;0
0.5485775470733643;-2357;0
0.5536506175994873;-2357;0
0.5594558715820312;-2357;0
0.5645239353179932;-2357;0
0.5703811645507812;-2357;0
0.5752377510070801;-2357;0
0.5810859203338623;-2357;0
0.5880825519561768;-2357;0
0.5928304195404053;-2357;0
0.5987770557403564;-2357;0
0.6037051677703857;-2357;0
0.6096804141998291;-2357;0
0.6147329807281494;-2357;0
0.6205804347991943;-2357;0
0.6260111331939697;-2357;0
0.6314425468444824;-2357;0
0.6384804248809814;-2357;0
0.6435229778289795;-2357;0
0.6493122577667236;-2357;0
0.6543765068054199;-2357;0
0.6602051258087158;-2357;0
0.6650474071502686;-2357;0
0.6710970401763916;-2357;0
0.6768734455108643;-2357;0
0.6821136474609375;-2357;0
0.6888377666473389;-2357;0
0.6939773559570312;-2357;0
0.7004587650299072;-2357;0
0.7053334712982178;-2357;0
0.7111670970916748;-2357;0
0.7169268131256104;-2357;0
0.7221803665161133;-2357;0
0.728262186050415;-2357;0
0.7332322597503662;-2357;0
0.7400414943695068;-2357;0
0.7448878288269043;-2357;0
0.7506787776947021;-2357;0
0.7564589977264404;-2357;0
0.7613644599914551;-2357;0
0.7673530578613281;-2357;0
0.7723686695098877;-2357;0
0.7782154083251953;-2357;0
0.7831263542175293;-2357;0
0.7902176380157471;-2357;0
0.7950723171234131;-2357;0
0.800861120223999;-2357;0
0.8066399097442627;-2357;0
0.8115735054016113;-2357;0
0.8211042881011963;-2357;0
0.8268935680389404;-2357;0
0.8322837352752686;-2357;0
0.8392717838287354;-2357;0
0.8443722724914551;-2357;0
0.8504588603973389;-2357;0
0.8553256988525391;-2357;0
0.8611629009246826;-2357;0
0.8669917583465576;-2357;0
0.8722400665283203;-2357;0
0.8781144618988037;-2357;0
0.8828833103179932;-2357;0
0.8896925449371338;-2357;0
0.8948278427124023;-2357;0
0.9006597995758057;-2357;0
0.9064033031463623;-2357;0
0.9114558696746826;-2357;0
0.9174108505249023;-2357;0
0.9224939346313477;-2357;0
0.9283382892608643;-2357;0
0.9332864284515381;-2357;0
0.9400432109832764;-2357;0
0.9449436664581299;-2357;0
0.9508652687072754;-2357;0
0.9566781520843506;-2357;0
0.9621014595031738;-2357;0
0.9681062698364258;-2357;0
0.9728922843933105;-2357;0
0.9792373180389404;-2357;0
0.9843153953552246;-2357;0
0.9907300472259521;-2357;0
0.9965343475341797;-2357;0
1.0014188289642334;-2357;0
