0.006006002426147461;-2208;0
0.012067317962646484;-2208;0
0.0171201229095459;-2208;0
0.023000240325927734;-2207;0
0.02802252769470215;-2207;3
0.03517627716064453;-2206;21
0.040085792541503906;-2206;83
0.045975685119628906;-2205;22
0.05202817916870117;-2204;104
0.05714917182922363;-2203;124
0.06305885314941406;-2202;152
0.06816244125366211;-2201;167
0.0740041732788086;-2200;183
0.07914161682128906;-2198;199
0.08571171760559082;-2197;193
0.09153604507446289;-2196;215
0.09704232215881348;-2194;227
0.10317802429199219;-2193;237
0.10830521583557129;-2192;243
0.11420869827270508;-2190;254
0.11937236785888672;-2188;261
0.12526559829711914;-2187;267
0.1310863494873047;-2185;273
0.1371912956237793;-2184;276
0.14315581321716309;-2182;283
0.14829277992248535;-2180;287
0.15433192253112793;-2179;290
0.15951275825500488;-2177;291
0.16536736488342285;-2175;294
0.1712183952331543;-2173;297
0.17615437507629395;-2172;303
0.1822354793548584;-2170;306
0.18834805488586426;-2168;311
0.19508767127990723;-2166;313
0.20002317428588867;-2164;315
0.20591449737548828;-2162;317
0.21210622787475586;-2160;317
0.21720480918884277;-2159;319
0.22313475608825684;-2157;320
0.2282724380493164;-2156;318
0.2353057861328125;-2153;318
0.24117779731750488;-2151;319
0.24614572525024414;-2150;320
0.25219082832336426;-2148;322
0.2573063373565674;-2146;325
0.26322484016418457;-2144;326
0.26834654808044434;-2142;326
0.27437710762023926;-2140;328
0.2795085906982422;-2138;329
0.2861459255218506;-2136;329
0.2922539710998535;-2134;330
0.297335147857666;-2132;328
0.3032512664794922;-2130;330
0.3083362579345703;-2129;328
0.31424903869628906;-2127;331
0.31938672065734863;-2125;332
0.32529520988464355;-2123;334
0.33109617233276367;-2121;336
0.3372509479522705;-2119;336
0.34319472312927246;-2117;337
0.3482992649078369;-2116;336
0.3541734218597412;-2114;334
0.3593151569366455;-2112;333
0.3655228614807129;-2110;332
0.3750298023223877;-2106;332
0.3799750804901123;-2104;330
0.38721561431884766;-2102;330
0.3934915065765381;-2100;330
0.3987143039703369;-2099;333
0.4047417640686035;-2097;333
0.4096693992614746;-2095;336
0.41554927825927734;-2093;338
0.421419620513916;-2091;337
0.42681384086608887;-2090;338
0.4328122138977051;-2088;337
0.4388418197631836;-2085;335
0.4447152614593506;-2084;334
0.4496631622314453;-2082;336
0.45574498176574707;-2080;336
0.461580753326416;-2078;337
0.466869592666626;-2076;337
0.4728109836578369;-2074;335
0.47775936126708984;-2072;338
0.4837937355041504;-2070;337
0.48958563804626465;-2068;336
0.4956378936767578;-2066;338
0.5014419555664062;-2064;337
0.5067720413208008;-2063;335
0.5128529071807861;-2061;334
0.5179328918457031;-2059;330
0.5238442420959473;-2057;331
0.5289905071258545;-2055;333
0.5348896980285645;-2054;333
0.541527271270752;-2051;333
0.5468308925628662;-2049;336
0.5527951717376709;-2048;338
0.5577185153961182;-2046;339
0.5636861324310303;-2043;340
0.5688121318817139;-2042;340
0.574892520904541;-2040;338
0.5797946453094482;-2038;337
0.5856606960296631;-2036;336
0.5926780700683594;-2034;336
0.5975446701049805;-2032;336
0.6036527156829834;-2030;336
0.6088073253631592;-2028;338
0.6146354675292969;-2026;338
0.6195557117462158;-2024;337
0.6256647109985352;-2022;336
0.6315195560455322;-2020;337
0.6370210647583008;-2018;338
0.6449480056762695;-2016;335
0.6498696804046631;-2014;334
0.655750036239624;-2012;333
0.6615903377532959;-2010;333
0.6668972969055176;-2008;332
0.6729645729064941;-2006;332
0.6779704093933105;-2005;335
0.6839003562927246;-2003;335
0.6890599727630615;-2000;338
0.6958539485931396;-1999;339
0.7018702030181885;-1997;340
0.7070040702819824;-1995;342
0.7131054401397705;-1993;340
0.7182290554046631;-1992;340
0.7240738868713379;-1990;339
0.7292470932006836;-1987;336
0.7352359294891357;-1986;335
0.7419869899749756;-1984;334
0.7471086978912354;-1982;333
0.7532169818878174;-1979;336
0.7583034038543701;-1978;336
0.7643022537231445;-1976;335
0.7694404125213623;-1972;338
0.7790946960449219;-1970;337
0.7851500511169434;-1969;337
0.7900855541229248;-1966;334
0.797189474105835;-1964;335
0.8032577037811279;-1962;333
0.8083577156066895;-1961;332
0.8143913745880127;-1959;335
0.819521427154541;-1957;337
0.8256011009216309;-1955;336
0.8314354419708252;-1953;338
0.8367645740509033;-1952;339
0.8435416221618652;-1949;340
0.8487503528594971;-1948;341
0.8543891906738281;-1946;340
0.8595433235168457;-1944;338
0.8654429912567139;-1942;336
0.8712575435638428;-1940;334
0.8767473697662354;-1938;334
0.8826470375061035;-1936;333
0.8875532150268555;-1934;332
0.894895076751709;-1932;333
0.899799108505249;-1930;336
0.9057073593139648;-1928;336
0.9115595817565918;-1926;338
0.9168739318847656;-1924;337
0.9227910041809082;-1923;335
0.9277265071868896;-1921;336
0.9339087009429932;-1919;336
0.9390671253204346;-1917;336
0.9456954002380371;-1915;335
0.9515552520751953;-1913;337
0.9568612575531006;-1911;337
0.9627985954284668;-1910;335
0.9677317142486572;-1908;336
0.9739205837249756;-1905;337
0.9791359901428223;-1903;339
0.985076904296875;-1901;339
0.9899826049804688;-1899;338
0.9970917701721191;-1897;338
1.0030677318572998;-1895;334
