0.006104707717895508;-660;0
0.01116633415222168;-660;0
0.01707935333251953;-660;0
0.022180795669555664;-659;3
0.028101682662963867;-658;24
0.03303027153015137;-657;14
0.038930654525756836;-656;48
0.04606318473815918;-653;196
0.051152944564819336;-652;277
0.05727076530456543;-650;298
0.06244015693664551;-647;358
0.06833481788635254;-644;404
0.07326459884643555;-640;449
0.07921028137207031;-638;488
0.0852961540222168;-635;534
0.09039497375488281;-631;554
0.09721994400024414;-628;594
0.1024026870727539;-624;611
0.10844802856445312;-620;635
0.11431074142456055;-616;655
0.11945390701293945;-612;679
0.12553739547729492;-608;696
0.13066887855529785;-604;710
0.13668298721313477;-599;729
0.14193940162658691;-596;740
0.1487135887145996;-590;752
0.15459513664245605;-586;763
0.15994596481323242;-582;772
0.16606807708740234;-578;783
0.1711423397064209;-573;790
0.17708420753479004;-568;798
0.18225741386413574;-563;805
0.18834376335144043;-558;814
0.19329166412353516;-553;827
0.20031976699829102;-548;830
0.206251859664917;-543;831
0.21139788627624512;-540;837
0.21726298332214355;-534;839
0.22241878509521484;-529;840
0.22850894927978516;-524;846
0.23437738418579102;-519;847
0.23935461044311523;-516;855
0.24543404579162598;-510;861
0.251446008682251;-505;862
0.2573585510253906;-500;865
0.262509822845459;-495;860
0.26856040954589844;-490;861
0.2744631767272949;-484;866
0.27942490577697754;-479;873
0.28635358810424805;-474;872
0.29151463508605957;-470;878
0.29741883277893066;-463;884
0.30390095710754395;-458;881
0.30925607681274414;-454;884
0.31532931327819824;-449;884
0.3204493522644043;-444;877
0.3263840675354004;-438;882
0.33151865005493164;-435;890
0.33741283416748047;-430;889
0.34715700149536133;-421;895
0.353074312210083;-414;892
0.3592226505279541;-410;891
0.365419864654541;-405;892
0.3705875873565674;-399;885
0.37688589096069336;-394;891
0.38208866119384766;-388;897
0.3879971504211426;-385;899
0.3929286003112793;-380;900
0.39887356758117676;-374;898
0.4059891700744629;-369;899
0.41093993186950684;-364;895
0.41696929931640625;-358;899
0.4221198558807373;-352;895
0.4280710220336914;-349;895
0.432999849319458;-344;899
0.43891239166259766;-338;901
0.4447591304779053;-333;906
0.4500744342803955;-327;903
0.4572148323059082;-322;903
0.46239805221557617;-316;899
0.46849536895751953;-311;900
0.4743363857269287;-306;902
0.4793088436126709;-302;900
0.4853959083557129;-296;903
0.490525484085083;-291;907
0.49648022651672363;-286;906
0.5024998188018799;-280;905
0.5084373950958252;-275;903
0.5143053531646729;-269;899
0.5193393230438232;-266;901
0.5258326530456543;-260;906
0.5307390689849854;-255;906
0.5368585586547852;-250;909
0.542043924331665;-244;911
0.5479083061218262;-240;909
0.5545661449432373;-233;903
0.5599074363708496;-230;904
0.5660073757171631;-224;905
0.570997953414917;-218;906
0.5770151615142822;-213;910
0.58217453956604;-208;910
0.5882492065429688;-202;907
0.5931587219238281;-197;908
0.6001977920532227;-192;910
0.6071043014526367;-186;905
0.6122715473175049;-180;900
0.6182024478912354;-175;904
0.6231732368469238;-170;907
0.6291496753692627;-166;911
0.6351916790008545;-160;909
0.6403048038482666;-155;911
0.646416425704956;-150;910
0.6515352725982666;-144;906
0.6584396362304688;-139;906
0.6639056205749512;-133;902
0.6692485809326172;-130;904
0.6752972602844238;-124;911
0.680387020111084;-119;914
0.6866672039031982;-113;913
0.6920065879821777;-110;911
0.6978583335876465;-104;908
0.7028169631958008;-97;906
0.7099530696868896;-93;904
0.7159132957458496;-88;908
0.7208731174468994;-82;905
0.7268919944763184;-77;912
0.7320561408996582;-72;917
0.7379469871520996;-68;913
0.746675968170166;-59;906
0.7527050971984863;-53;903
0.7594635486602783;-48;903
0.766026496887207;-42;911
0.771125316619873;-37;912
0.7771825790405273;-32;909
0.7823460102081299;-26;915
0.7882740497589111;-20;912
0.7932150363922119;-15;907
0.7991666793823242;-12;906
0.8052399158477783;-4;906
0.811455488204956;0;909
0.8174533843994141;4;910
0.8225829601287842;10;912
0.8286991119384766;16;912
0.8345887660980225;21;910
0.8399224281311035;24;912
0.8458514213562012;30;910
0.8507382869720459;36;904
0.8569073677062988;41;904
0.8627736568450928;46;911
0.8687260150909424;52;909
0.8745911121368408;57;912
0.8799223899841309;61;913
0.8860337734222412;66;910
0.8911066055297852;72;907
0.8970670700073242;77;907
0.9022204875946045;83;902
0.9087450504302979;88;905
0.9146761894226074;94;911
0.9200339317321777;99;914
0.9259779453277588;103;912
0.9309403896331787;108;913
0.9369561672210693;114;908
0.9421837329864502;119;905
0.94830322265625;124;907
0.9532315731048584;130;907
0.9605667591094971;136;909
0.9666519165039062;141;909
0.9719123840332031;145;915
0.9775826930999756;150;915
0.9827566146850586;156;909
0.98868727684021;161;910
0.9945740699768066;166;909
0.999983549118042;170;904
1.0061359405517578;178;905
