0.006095170974731445;-2216;0
0.011174917221069336;-2216;0
0.025088071823120117;-2216;-3
0.0406343936920166;-2217;-8
0.04886007308959961;-2217;-18
0.05547690391540527;-2218;-57
0.06061744689941406;-2218;-57
0.06745672225952148;-2218;-53
0.07261037826538086;-2219;-66
0.07854509353637695;-2220;-80
0.08442521095275879;-2220;-80
0.08938908576965332;-2221;-96
0.09544491767883301;-2222;-90
0.10056924819946289;-2222;-90
0.1068565845489502;-2223;-100
0.11203908920288086;-2224;-105
0.11870002746582031;-2224;-108
0.12460446357727051;-2225;-114
0.1299421787261963;-2226;-116
0.13607501983642578;-2226;-116
0.14114689826965332;-2227;-120
0.14711260795593262;-2228;-122
0.15228056907653809;-2228;-122
0.15822911262512207;-2229;-126
0.16314983367919922;-2230;-127
0.17039251327514648;-2231;-129
0.17638325691223145;-2232;-131
0.18151092529296875;-2232;-132
0.18742060661315918;-2233;-133
0.19259333610534668;-2234;-132
0.1985301971435547;-2234;-133
0.20444655418395996;-2236;-134
0.2094135284423828;-2236;-134
0.21553802490234375;-2237;-136
0.22187089920043945;-2238;-138
0.22797584533691406;-2238;-139
0.2329096794128418;-2239;-140
0.23880600929260254;-2240;-140
0.24465584754943848;-2241;-139
0.2499997615814209;-2242;-139
0.25597238540649414;-2242;-140
0.26097893714904785;-2243;-141
0.2671785354614258;-2244;-141
0.2729945182800293;-2245;-144
0.2789115905761719;-2246;-144
0.28475022315979004;-2247;-144
0.2902545928955078;-2248;-144
0.29625654220581055;-2248;-143
0.3013894557952881;-2249;-142
0.3072786331176758;-2250;-143
0.312436580657959;-2251;-142
0.3191089630126953;-2252;-143
0.32522058486938477;-2252;-146
0.33036065101623535;-2253;-144
0.3362925052642822;-2254;-144
0.34143900871276855;-2255;-143
0.34748387336730957;-2256;-142
0.3526322841644287;-2256;-142
0.3585367202758789;-2257;-141
0.3644254207611084;-2258;-142
0.3705742359161377;-2259;-143
0.3766758441925049;-2260;-145
0.3819308280944824;-2260;-145
0.38781094551086426;-2262;-146
0.3927576541900635;-2262;-146
0.3988518714904785;-2263;-145
0.4047269821166992;-2264;-143
0.4102210998535156;-2265;-144
0.4161806106567383;-2266;-144
0.42217445373535156;-2267;-146
0.43186020851135254;-2268;-147
0.43793582916259766;-2269;-147
0.4428739547729492;-2270;-146
0.44901299476623535;-2270;-145
0.4552001953125;-2271;-142
0.4603722095489502;-2272;-143
0.4664583206176758;-2273;-143
0.4726107120513916;-2274;-143
0.47853851318359375;-2275;-144
0.48438572883605957;-2276;-144
0.48938584327697754;-2276;-144
0.4954671859741211;-2277;-143
0.5005993843078613;-2278;-142
0.5066430568695068;-2279;-141
0.5119199752807617;-2279;-142
0.5178360939025879;-2280;-141
0.524390459060669;-2281;-142
0.5299351215362549;-2282;-143
0.5358831882476807;-2283;-143
0.5408642292022705;-2284;-143
0.5469539165496826;-2284;-143
0.5521106719970703;-2285;-144
0.5580465793609619;-2286;-143
0.5630068778991699;-2287;-143
0.5689167976379395;-2288;-143
0.5760538578033447;-2288;-144
0.5810918807983398;-2290;-145
0.5871949195861816;-2290;-147
0.5923721790313721;-2291;-146
0.5982966423034668;-2292;-146
0.6032748222351074;-2293;-146
0.6091766357421875;-2294;-144
0.6152546405792236;-2294;-144
0.6203913688659668;-2295;-144
0.6273126602172852;-2296;-144
0.6325209140777588;-2297;-146
0.6384408473968506;-2298;-147
0.6443428993225098;-2299;-146
0.6498775482177734;-2299;-145
0.6559765338897705;-2300;-145
0.6610736846923828;-2301;-141
0.6670265197753906;-2302;-141
0.6722147464752197;-2303;-143
0.6788918972015381;-2304;-143
0.6847214698791504;-2304;-143
0.6901040077209473;-2306;-147
0.6960904598236084;-2306;-146
0.7011475563049316;-2307;-145
0.707230806350708;-2308;-144
0.7124056816101074;-2308;-144
0.7190535068511963;-2310;-142
0.7260940074920654;-2310;-142
0.7311587333679199;-2311;-144
0.7371025085449219;-2312;-145
0.7422928810119629;-2313;-146
0.7482588291168213;-2314;-146
0.7531907558441162;-2315;-146
0.7591421604156494;-2315;-145
0.7653825283050537;-2316;-144
0.7705168724060059;-2317;-143
0.7774560451507568;-2318;-143
0.7826747894287109;-2319;-143
0.788776159286499;-2320;-144
0.7946498394012451;-2320;-144
0.8000044822692871;-2321;-144
0.8060803413391113;-2322;-144
0.8111326694488525;-2323;-143
0.8170483112335205;-2324;-141
0.822237491607666;-2324;-141
0.8329958915710449;-2326;-141
0.8390634059906006;-2327;-143
0.845268964767456;-2328;-144
0.8503992557525635;-2328;-144
0.8566291332244873;-2329;-144
0.8618788719177246;-2330;-144
0.8675472736358643;-2331;-142
0.8727316856384277;-2332;-142
0.8793380260467529;-2332;-143
0.8858447074890137;-2333;-143
0.8908658027648926;-2334;-143
0.8968656063079834;-2335;-147
0.9020428657531738;-2336;-146
0.9079780578613281;-2336;-147
0.9128971099853516;-2338;-146
0.9190216064453125;-2338;-146
0.9250574111938477;-2339;-143
0.931098222732544;-2340;-144
0.9370534420013428;-2341;-144
0.9422354698181152;-2342;-146
0.9483494758605957;-2343;-148
0.9538099765777588;-2344;-147
0.9591965675354004;-2344;-146
0.9652829170227051;-2345;-145
0.9703977108001709;-2346;-146
0.976365327835083;-2347;-143
0.9825477600097656;-2348;-144
0.9885036945343018;-2348;-145
0.9943625926971436;-2349;-145
0.9993579387664795;-2350;-144
1.0058481693267822;-2351;-144
